TAXA_names <- c("117268", "117271", "117276", "117277", "117280", "117443", "117447", "117454",
                "117460", "117463", "117470", "117478", "117500", "117501", "117520", "117521",
                "117525", "117527", "117531", "117533", "117559", "117561", "117563", "117564",
                "117567", "117574", "117587", "117589", "117598", "117622", "117623", "117636",
                "117659", "117681", "117682", "117684", "117691", "117745", "117757", "117758",
                "117784", "117793", "117826", "117829", "117840", "117841", "117848", "117849",
                "117880", "117881", "117907", "117912", "117915", "120855", "120856", "120859",
                "120860", "120861", "120862", "120863", "120867", "120878", "120879", "120880",
                "120882", "120883", "120892", "120893", "120895", "120904", "120909", "120912",
                "120913", "120914", "120916", "120924", "120925", "120929", "120939", "120946",
                "120947", "120948", "120949", "120952", "120958", "120959", "120964", "120970",
                "120972", "120977", "120979", "120981", "120982", "120983", "120984", "120986",
                "120987", "120988", "120994", "120998", "121001", "121010", "121011", "121015",
                "121019", "121020", "121023", "121024", "121028", "121034", "121035", "121040",
                "121041", "121042", "121043", "121044", "121045", "121049", "121050", "121051",
                "121052", "121053", "121059", "121062", "121063", "121064", "121065", "121066",
                "121070", "121073", "121074", "121077", "121079", "121080", "121083", "121085",
                "121087", "121089", "121091", "121092", "121093", "121094", "121095", "121098",
                "121099", "121100", "121101", "121102", "121104", "121105", "121110", "121111",
                "121118", "121122", "121124", "121127", "121130", "121131", "121136", "121137",
                "121139", "121140", "121141", "121142", "121144", "121146", "121147", "121151",
                "121152", "121153", "121156", "121157", "121158", "121159", "121161", "121162",
                "121163", "121164", "121165", "121169", "121172", "121176", "121225", "121235",
                "121237", "121576", "121642", "121663", "121689", "121705", "121708", "121716",
                "121717", "121721", "121725", "121748", "121750", "121751", "121752", "121753",
                "121760", "121771", "121774", "121785", "121799", "121808", "121811", "121812",
                "121821", "121823", "121827", "121829", "121830", "121834", "121835", "121836", 
                "121839", "121840", "121846", "121847", "121848", "121849", "121850", "121851",
                "121852", "121853", "121854", "121855", "121856", "121857", "121858", "121881",
                "121889", "121963", "121965", "121990", "122000", "122011", "122025", "122029",
                "122076", "122088", "122089", "122090", "122091", "122093", "122094", "122098",
                "122099", "122112", "122140", "122156", "122159", "122179", "122181", "122206",
                "122232", "122236", "122239", "122255", "122258", "122272", "122284", "122285",
                "122286", "122287", "122288", "122289", "122290", "122291", "122298")


# Generate a list of inputted data frame names for generating total chromosome output.
listchuncks <- list()
i <- 1
# Reading all the data frames for the chromosome chunks back into R environment and stitching them together
for(q in 1:15){
  outputfolder <- paste("C:/Users/lczacktd/Desktop/47_imputed/Chr", i, "/HPM/", sep = "")
  outputfilename <- paste("hmp", i, ".", q, ".txt", sep = "")
  datafilename <- paste(outputfolder, outputfilename, sep = "")
  readdataframe <- read.table(datafilename, header = TRUE)
  listchuncks[[q]] <- readdataframe
}
Totaloutputfile <- do.call(rbind, listchuncks)
na_rows <- which(apply(Totaloutputfile[12:282], 1, function(x) any(is.na(x))))
print(na_rows)
cleaned_data <- Totaloutputfile[-na_rows, ]


outputfolder <- paste("C:/Users/lczacktd/Desktop/47_imputed/Chr4/HPM/hmp4.1.txt", sep = "")
readdataframe <- read.table(datafilename, header = TRUE)
cnames <- colnames(readdataframe)
colnames(cleaned_data) <- cnames

Totaloutputfile <- cleaned_data

colnames(Totaloutputfile)[12:282] <- TAXA_names
#na_rows <- which(apply(Totaloutputfile[12:282], 1, function(x) any(is.na(x))))
#(na_rows)
#cleaned_data <- Totaloutputfile[-na_rows, ]

# export the total Chromosome SNP file.
outputfolder <- paste("C:/Users/lczacktd/Desktop/47_imputed/Chr1/HPM/", sep = "")
setwd(outputfolder)
outputfilename <- paste("hmpALL.test.hmp.txt", sep = "")
write.table(Totaloutputfile, file = outputfilename, sep = "\t", quote = FALSE, row.names = FALSE, col.names = TRUE)
